# samples: 2342
# samples: 10997
# samples: 2342
# samples: 10997
../../thermal_data/annotated_thermal_datasets/ONR_2022-05-15-06-26-49/thermal/thermal-38335.tiff
../../thermal_data/annotated_thermal_datasets/ONR_2022-05-15-06-26-49/annotations/thermal-38335.png
../../thermal_data/annotated_thermal_datasets/ONR_2022-05-15-06-00-08/thermal/thermal-03855.tiff
../../thermal_data/annotated_thermal_datasets/ONR_2022-05-15-06-00-08/annotations/thermal-03855.png
../../thermal_data/annotated_thermal_datasets/ONR_2022-05-15-06-26-49/thermal/thermal-18535.tiff
../../thermal_data/annotated_thermal_datasets/ONR_2022-05-15-06-26-49/annotations/thermal-18535.png
../../thermal_data/annotated_thermal_datasets/ONR_2022-05-15-06-26-49/thermal/thermal-31135.tiff
../../thermal_data/annotated_thermal_datasets/ONR_2022-05-15-06-26-49/annotations/thermal-31135.png
../../thermal_data/annotated_thermal_datasets/ONR_2022-05-15-06-00-08/thermal/thermal-06855.tiff
../../thermal_data/annotated_thermal_datasets/ONR_2022-05-15-06-00-08/annotations/thermal-06855.png
../../thermal_data/annotated_thermal_datasets/ONR_2022-05-15-06-00-08/thermal/thermal-04695.tiff
../../thermal_data/annotated_thermal_datasets/ONR_2022-05-15-06-00-08/annotations/thermal-04695.png
../../thermal_data/annotated_thermal_datasets/ONR_2022-05-15-06-00-08/thermal/thermal-16455.tiff
../../thermal_data/annotated_thermal_datasets/ONR_2022-05-15-06-00-08/annotations/thermal-16455.png
../../thermal_data/annotated_thermal_datasets/bigbear/thermal/ONR_2022-05-08-11-27-13-thermal-03528.tiff
../../thermal_data/annotated_thermal_datasets/bigbear/annotations/ONR_2022-05-08-11-27-13-thermal-03528.png
../../thermal_data/annotated_thermal_datasets/ONR_2022-05-15-06-00-08/thermal/thermal-10335.tiff
../../thermal_data/annotated_thermal_datasets/ONR_2022-05-15-06-00-08/annotations/thermal-10335.png
../../thermal_data/annotated_thermal_datasets/bigbear/thermal/ONR_2022-05-08-11-37-09-thermal-04310.tiff
../../thermal_data/annotated_thermal_datasets/bigbear/annotations/ONR_2022-05-08-11-37-09-thermal-04310.png
../../thermal_data/annotated_thermal_datasets/ONR_2022-05-15-06-26-49/thermal/thermal-37255.tiff
../../thermal_data/annotated_thermal_datasets/ONR_2022-05-15-06-26-49/annotations/thermal-37255.png
../../thermal_data/annotated_thermal_datasets/ONR_2022-05-15-06-26-49/thermal/thermal-23815.tiff
../../thermal_data/annotated_thermal_datasets/ONR_2022-05-15-06-26-49/annotations/thermal-23815.png
../../thermal_data/annotated_thermal_datasets/flight2-1/thermal/frame-001110.tiff
../../thermal_data/annotated_thermal_datasets/flight2-1/annotations/frame-001110.png
../../thermal_data/annotated_thermal_datasets/ONR_2022-05-15-06-00-08/thermal/thermal-26295.tiff
../../thermal_data/annotated_thermal_datasets/ONR_2022-05-15-06-00-08/annotations/thermal-26295.png
../../thermal_data/annotated_thermal_datasets/bigbear/thermal/ONR_2022-05-08-11-50-48-thermal-01072.tiff
../../thermal_data/annotated_thermal_datasets/bigbear/annotations/ONR_2022-05-08-11-50-48-thermal-01072.png
../../thermal_data/annotated_thermal_datasets/ONR_2022-05-15-06-00-08/thermal/thermal-07455.tiff
../../thermal_data/annotated_thermal_datasets/ONR_2022-05-15-06-00-08/annotations/thermal-07455.png
../../thermal_data/annotated_thermal_datasets/ONR_2022-05-15-06-26-49/thermal/thermal-18415.tiff
../../thermal_data/annotated_thermal_datasets/ONR_2022-05-15-06-26-49/annotations/thermal-18415.png
../../thermal_data/annotated_thermal_datasets/ONR_2022-05-15-06-00-08/thermal/thermal-17535.tiff
../../thermal_data/annotated_thermal_datasets/ONR_2022-05-15-06-00-08/annotations/thermal-17535.png
../../thermal_data/annotated_thermal_datasets/ONR_2022-05-15-06-26-49/thermal/thermal-26695.tiff
../../thermal_data/annotated_thermal_datasets/ONR_2022-05-15-06-26-49/annotations/thermal-26695.png
../../thermal_data/annotated_thermal_datasets/flight2-1/thermal/frame-007620.tiff
../../thermal_data/annotated_thermal_datasets/flight2-1/annotations/frame-007620.png
tensor([[ 1.5704e+03,  1.0638e+02,  8.4288e+02,  ...,  9.2023e+02,
         -7.4226e-03, -1.2489e+04],
        [ 1.0638e+02,  8.0459e+01,  1.3829e+02,  ...,  1.3108e+02,
         -1.9588e-03, -3.0469e+03],
        [ 8.4288e+02,  1.3829e+02,  4.1077e+03,  ...,  2.0306e+03,
         -1.5468e-02, -2.5044e+04],
        ...,
        [ 9.2023e+02,  1.3108e+02,  2.0306e+03,  ...,  2.1703e+03,
         -1.6543e-02, -2.6784e+04],
        [-7.4226e-03, -1.9588e-03, -1.5468e-02,  ..., -1.6543e-02,
          1.4173e-07,  2.2687e-01],
        [-1.2489e+04, -3.0469e+03, -2.5044e+04,  ..., -2.6784e+04,
          2.2687e-01,  3.6548e+05]])
torch.float32
torch.Size([64, 64])
tensor([[ 2.7904e+03,  4.5571e+01,  4.0606e+02,  ...,  4.9730e+02,
         -2.8879e-03, -5.5910e+03],
        [ 4.5571e+01,  1.5141e+02, -3.4700e+01,  ..., -1.9415e+02,
         -8.0661e-04, -1.1377e+03],
        [ 4.0606e+02, -3.4700e+01,  4.5857e+03,  ...,  1.1514e+03,
         -6.6999e-03, -1.1212e+04],
        ...,
        [ 4.9730e+02, -1.9415e+02,  1.1514e+03,  ...,  1.5198e+03,
         -6.9230e-03, -1.1548e+04],
        [-2.8879e-03, -8.0661e-04, -6.6999e-03,  ..., -6.9230e-03,
          5.9072e-08,  9.4026e-02],
        [-5.5910e+03, -1.1377e+03, -1.1212e+04,  ..., -1.1548e+04,
          9.4026e-02,  1.5301e+05]])
torch.float32
torch.Size([64, 64])
  0%|                                                                                                                      | 0/100000 [00:06<?, ?it/s]
Traceback (most recent call last):
  File "/home/river/nishka/fifo/new_main.py", line 417, in <module>
    main()
  File "/home/river/nishka/fifo/new_main.py", line 253, in main
    vector_thermal_gram[batch_idx] = Variable(thermal_gram[batch_idx][torch.triu(torch.ones(thermal_gram[batch_idx].size()[0], thermal_gram[batch_idx].size()[1])) == 1], requires_grad=True)
IndexError: tuple index out of range